gauss -2.5 2.5 999999984
sin 0 6.28 999999968
decay 0 10 999999952
gauss -3 3 999999936
sin 0 1.57 999999920
decay 0 15 999999904
gauss -5 5 999999888
sin -1.57 1.57 999999872
decay 0 7.5 999999856
gauss -2 2 999999840
sin 0 9.42 999999824
decay 0 3 999999808
gauss -10 10 999999792
sin 0 12.56 999999776
decay 0 20 999999760
gauss -7 7 999999744
sin 0 4.71 999999728
decay 0 2.5 999999712
gauss -1.5 1.5 999999696
sin 0 18.84 999999680
decay 0 12 999999664
gauss -3.5 3.5 999999648
sin 0 25.12 999999632
decay 0 6 999999616
gauss -4 4 999999600
sin 0 31.4 999999584
decay 0 4.2 999999568
gauss -6 6 999999552
sin -3.14 3.14 999999536
decay 0 2 999999520
gauss -8 8 999999504
sin 0 50 999999488
decay 0 8 999999472
gauss -9 9 999999456
sin 0 15.7 999999440
decay 0 5 999999424
gauss -4.5 4.5 999999408
sin 0 0.785 999999392
decay 0 1.25 999999376
gauss -2 2 999999360
sin 0 28.26 999999344
decay 0 13 999999328
gauss -5 5 999999312
sin 0 20 999999296
decay 0 3.33 999999280
gauss -12 12 999999264
sin 0 40 999999248
decay 0 9 999999232
gauss -11 11 999999216
sin 0 100 999999200