gauss -2.5 2.5 999999984
sin 0 6.28 999999968
decay 0 10 999999952
gauss -3 3 999999936
sin 0 1.57 999999920
decay 0 15 999999904
gauss -5 5 999999888
sin -1.57 1.57 999999872
decay 0 7.5 999999856
gauss -2 2 999999840
sin 0 9.42 999999824
decay 0 3 999999808
gauss -10 10 999999792
sin 0 12.56 999999776
decay 0 20 999999760
gauss -7 7 999999744
sin 0 4.71 999999728
decay 0 2.5 999999712
gauss -1.5 1.5 999999696
sin 0 18.84 999999680
decay 0 12 999999664
gauss -3.5 3.5 999999648
sin 0 25.12 999999632
decay 0 6 999999616
gauss -4 4 999999600
sin 0 31.4 999999584
decay 0 4.2 999999568
gauss -6 6 999999552
sin -3.14 3.14 999999536
decay 0 2 999999520
